%YAML:1.0
---
cameraMatrix: !!opencv-matrix
   rows: 3
   cols: 3
   dt: d
   data: [ 1.3971936504204029e+03, 0., 1.0235000000000000e+03, 0.,
       1.3967723425796180e+03, 7.6750000000000000e+02, 0., 0., 1. ]
distCoeffs: !!opencv-matrix
   rows: 14
   cols: 1
   dt: d
   data: [ -5.6993661739307389e-01, 0., -2.2942006259462537e-03,
       -1.4896151626032279e-03, 0., -4.2103902170284790e-01, 0.,
       -6.5029899589718954e-01, 0., 0., 0., 0., 0., 0. ]
